
📁 File: A-n60-k9.vrp
Greedy Best Cost: 1969.98
Routes: [[1, 42, 19, 34, 53, 20, 60, 39, 56, 51, 1], [1, 17, 21, 26, 47, 41, 12, 5, 22, 7, 3, 50, 33, 1], [1, 15, 48, 24, 35, 25, 59, 36, 1], [1, 4, 32, 29, 45, 2, 37, 23, 28, 1], [1, 16, 40, 27, 18, 58, 38, 6, 1], [1, 8, 14, 9, 30, 57, 1], [1, 54, 31, 11, 55, 46, 1], [1, 49, 43, 10, 52, 1], [1, 44, 13, 1]]
Random Best Cost: 2976.20
Route: [47, 52, 27, 29, 24, 59, 54, 44, 4, 60, 57, 35, 34, 18, 38, 11, 22, 56, 30, 25, 14, 15, 16, 9, 7, 55, 37, 20, 41, 42, 6, 26, 17, 10, 12, 32, 8, 58, 2, 50, 28, 45, 43, 21, 36, 19, 48, 5, 49, 46, 51, 53, 39, 40, 33, 3, 23, 13, 31]
Tabu Best Cost: 1794.97
Route: [34, 53, 9, 8, 30, 20, 24, 57, 44, 40, 15, 32, 45, 50, 54, 4, 49, 7, 46, 37, 29, 41, 17, 58, 38, 18, 28, 14, 27, 16, 51, 19, 5, 22, 12, 47, 39, 60, 36, 48, 35, 25, 2, 11, 43, 55, 33, 59, 3, 21, 56, 13, 52, 10, 23, 6, 31, 42, 26]
GA Best Cost: 2193.01
Route: [44, 33, 13, 24, 48, 49, 55, 10, 43, 31, 59, 2, 57, 58, 25, 7, 35, 40, 30, 41, 17, 42, 52, 27, 54, 6, 53, 38, 9, 15, 28, 8, 14, 50, 37, 23, 11, 46, 51, 36, 20, 19, 34, 18, 56, 16, 3, 45, 5, 12, 26, 4, 21, 22, 47, 29, 32, 60, 39]
---------------------------------------------------

📁 File: A-n60-k9.vrp
Greedy Best Cost: 1969.98
Routes: [[1, 42, 19, 34, 53, 20, 60, 39, 56, 51, 1], [1, 17, 21, 26, 47, 41, 12, 5, 22, 7, 3, 50, 33, 1], [1, 15, 48, 24, 35, 25, 59, 36, 1], [1, 4, 32, 29, 45, 2, 37, 23, 28, 1], [1, 16, 40, 27, 18, 58, 38, 6, 1], [1, 8, 14, 9, 30, 57, 1], [1, 54, 31, 11, 55, 46, 1], [1, 49, 43, 10, 52, 1], [1, 44, 13, 1]]
Random Best Cost: 2883.03
Route: [18, 20, 7, 59, 19, 37, 60, 4, 56, 53, 15, 29, 14, 52, 28, 48, 57, 35, 13, 51, 36, 2, 16, 33, 25, 34, 42, 40, 21, 27, 41, 32, 50, 26, 43, 6, 44, 31, 58, 3, 49, 47, 45, 30, 17, 8, 5, 55, 9, 38, 23, 46, 12, 22, 10, 24, 39, 54, 11]
Tabu Best Cost: 1752.39
Route: [16, 36, 56, 51, 40, 25, 12, 29, 37, 33, 10, 52, 28, 20, 24, 7, 49, 2, 3, 47, 26, 42, 34, 18, 58, 38, 60, 19, 48, 45, 11, 55, 23, 22, 5, 4, 59, 6, 43, 46, 35, 57, 44, 13, 27, 14, 8, 9, 30, 39, 53, 15, 32, 50, 31, 54, 41, 21, 17]
GA Best Cost: 2175.64
Route: [6, 46, 55, 13, 33, 14, 8, 30, 20, 22, 5, 12, 39, 27, 52, 18, 53, 36, 59, 24, 40, 44, 10, 38, 51, 43, 2, 49, 50, 29, 58, 7, 54, 4, 35, 41, 47, 34, 19, 32, 25, 11, 23, 16, 28, 9, 15, 17, 21, 31, 3, 45, 37, 57, 42, 26, 48, 56, 60]
---------------------------------------------------

📁 File: A-n32-k5.vrp
Greedy Best Cost: 1146.40
Routes: [[1, 31, 27, 17, 13, 2, 8, 15, 30, 23, 19, 1], [1, 25, 28, 21, 6, 26, 11, 9, 1], [1, 14, 22, 32, 20, 18, 4, 24, 1], [1, 7, 3, 29, 5, 12, 10, 1], [1, 16, 1]]
Random Best Cost: 1452.05
Route: [18, 11, 8, 15, 29, 7, 16, 27, 2, 23, 30, 5, 6, 25, 26, 4, 28, 19, 14, 10, 13, 24, 22, 12, 21, 31, 17, 9, 32, 20, 3]
Tabu Best Cost: 904.10
Route: [10, 23, 19, 9, 20, 32, 14, 2, 31, 29, 5, 12, 15, 25, 22, 18, 4, 3, 24, 7, 8, 27, 28, 30, 16, 11, 26, 6, 21, 13, 17]
GA Best Cost: 1050.06
Route: [30, 10, 9, 12, 4, 7, 28, 21, 17, 3, 24, 29, 19, 11, 26, 25, 15, 14, 5, 23, 16, 6, 31, 13, 27, 8, 22, 2, 20, 18, 32]
---------------------------------------------------

📁 File: A-n37-k6.vrp
Greedy Best Cost: 1341.88
Routes: [[1, 25, 17, 8, 15, 19, 5, 18, 20, 2, 13, 1], [1, 30, 37, 7, 21, 9, 6, 34, 29, 1], [1, 35, 32, 27, 11, 12, 26, 1], [1, 14, 31, 16, 33, 28, 1], [1, 36, 23, 24, 1], [1, 4, 10, 22, 3, 1]]
Random Best Cost: 1668.46
Route: [16, 25, 19, 3, 17, 37, 24, 36, 21, 13, 35, 28, 18, 29, 15, 33, 20, 31, 2, 9, 8, 22, 11, 30, 32, 6, 4, 27, 34, 26, 10, 5, 14, 12, 7, 23]
Tabu Best Cost: 1051.28
Route: [34, 3, 29, 24, 23, 22, 10, 17, 33, 31, 14, 8, 18, 20, 32, 37, 30, 5, 35, 27, 11, 13, 12, 16, 25, 28, 36, 26, 15, 19, 7, 9, 6, 4, 2, 21]
GA Best Cost: 1192.37
Route: [36, 2, 4, 17, 7, 22, 13, 24, 23, 29, 10, 35, 27, 31, 14, 19, 37, 30, 8, 32, 20, 18, 34, 3, 12, 11, 6, 9, 21, 5, 26, 28, 33, 16, 15, 25]
---------------------------------------------------

📁 File: A-n39-k5.vrp
Greedy Best Cost: 1032.57
Routes: [[1, 15, 5, 19, 10, 13, 32, 1], [1, 20, 34, 2, 21, 24, 30, 6, 17, 33, 4, 39, 9, 1], [1, 22, 31, 14, 29, 7, 37, 28, 35, 1], [1, 12, 18, 27, 25, 36, 3, 1], [1, 26, 16, 11, 8, 23, 38, 1]]
Random Best Cost: 1590.57
Route: [13, 16, 27, 11, 30, 7, 9, 39, 25, 15, 19, 14, 24, 34, 4, 37, 17, 22, 2, 5, 6, 36, 23, 12, 26, 32, 28, 38, 10, 20, 31, 18, 8, 29, 3, 21, 33, 35]
Tabu Best Cost: 961.20
Route: [15, 5, 7, 29, 14, 31, 22, 12, 39, 2, 11, 33, 3, 25, 20, 26, 34, 32, 21, 17, 23, 4, 8, 6, 19, 10, 13, 16, 30, 24, 27, 36, 38, 35, 28, 37, 18, 9]
GA Best Cost: 1115.18
Route: [7, 29, 14, 15, 19, 2, 20, 13, 32, 34, 26, 6, 16, 5, 24, 21, 18, 11, 3, 10, 12, 31, 22, 35, 38, 36, 28, 37, 27, 9, 33, 17, 30, 8, 4, 23, 25, 39]
---------------------------------------------------

📁 File: A-n45-k6.vrp
Greedy Best Cost: 1485.30
Routes: [[1, 24, 10, 29, 8, 33, 14, 21, 11, 1], [1, 15, 36, 2, 45, 7, 27, 12, 20, 3, 1], [1, 39, 26, 13, 16, 23, 43, 5, 42, 1], [1, 30, 44, 19, 18, 28, 6, 1], [1, 32, 25, 38, 35, 41, 1], [1, 4, 9, 34, 22, 17, 37, 40, 1], [1, 31, 1]]
Random Best Cost: 2080.54
Route: [44, 41, 37, 17, 16, 33, 11, 22, 36, 5, 45, 42, 31, 13, 27, 20, 8, 34, 25, 30, 38, 21, 19, 12, 14, 15, 26, 43, 9, 24, 39, 18, 7, 6, 29, 28, 4, 3, 40, 2, 35, 23, 10, 32]
Tabu Best Cost: 1216.68
Route: [24, 10, 16, 13, 40, 37, 11, 21, 45, 30, 19, 14, 29, 27, 38, 41, 18, 44, 2, 28, 12, 20, 31, 35, 25, 7, 23, 43, 5, 17, 4, 8, 36, 32, 6, 22, 34, 9, 42, 33, 15, 26, 3, 39]
GA Best Cost: 1495.29
Route: [32, 39, 29, 10, 22, 34, 44, 40, 5, 17, 43, 13, 37, 23, 16, 26, 3, 21, 6, 35, 20, 30, 19, 18, 12, 41, 31, 27, 25, 7, 45, 2, 36, 24, 15, 28, 38, 14, 9, 42, 11, 33, 4, 8]
---------------------------------------------------

📁 File: A-n48-k7.vrp
Greedy Best Cost: 1476.57
Routes: [[1, 15, 18, 19, 45, 36, 24, 44, 32, 33, 1], [1, 42, 48, 17, 11, 3, 30, 35, 1], [1, 13, 6, 2, 7, 23, 8, 43, 1], [1, 41, 37, 38, 20, 39, 26, 1], [1, 46, 28, 16, 9, 40, 27, 4, 1], [1, 29, 10, 25, 5, 14, 31, 22, 47, 12, 1], [1, 34, 21, 1]]
Random Best Cost: 2225.68
Route: [43, 38, 17, 18, 36, 48, 19, 31, 4, 11, 25, 3, 40, 13, 33, 44, 35, 27, 22, 42, 26, 29, 14, 9, 6, 28, 39, 37, 2, 5, 47, 10, 7, 16, 46, 41, 20, 21, 12, 34, 15, 8, 24, 23, 30, 45, 32]
Tabu Best Cost: 1362.11
Route: [24, 2, 6, 44, 32, 13, 46, 40, 9, 43, 25, 14, 47, 30, 3, 34, 22, 31, 11, 18, 39, 27, 21, 4, 38, 37, 36, 15, 29, 35, 28, 16, 12, 5, 10, 41, 42, 48, 17, 20, 26, 7, 23, 33, 8, 19, 45]
GA Best Cost: 1614.36
Route: [43, 14, 37, 21, 27, 6, 15, 48, 17, 29, 4, 40, 25, 22, 3, 36, 16, 5, 30, 34, 31, 10, 41, 19, 33, 7, 44, 8, 46, 18, 45, 28, 38, 26, 20, 39, 23, 42, 11, 35, 9, 12, 47, 24, 32, 2, 13]
---------------------------------------------------

📁 File: A-n54-k7.vrp
Greedy Best Cost: 1433.64
Routes: [[1, 44, 5, 29, 6, 8, 40, 51, 21, 24, 1], [1, 53, 31, 17, 7, 33, 14, 12, 39, 27, 36, 1], [1, 19, 50, 30, 16, 11, 2, 37, 18, 46, 1], [1, 35, 42, 47, 52, 43, 25, 3, 13, 28, 15, 1], [1, 26, 48, 38, 9, 20, 32, 34, 1], [1, 45, 54, 4, 23, 1], [1, 10, 22, 41, 49, 1]]
Random Best Cost: 2431.96
Route: [10, 4, 40, 8, 48, 33, 54, 36, 20, 43, 53, 18, 52, 2, 6, 50, 29, 49, 17, 47, 31, 42, 14, 39, 9, 24, 41, 26, 12, 13, 23, 22, 7, 45, 37, 51, 11, 16, 46, 25, 38, 35, 3, 30, 27, 19, 21, 15, 32, 34, 28, 44, 5]
Tabu Best Cost: 1456.98
Route: [36, 30, 2, 51, 6, 8, 54, 34, 45, 38, 13, 47, 15, 28, 3, 52, 48, 26, 18, 39, 10, 22, 27, 16, 11, 14, 25, 43, 42, 35, 7, 17, 31, 33, 12, 23, 4, 46, 37, 40, 50, 29, 19, 53, 32, 49, 41, 9, 20, 24, 21, 5, 44]
GA Best Cost: 1881.72
Route: [17, 38, 4, 45, 29, 39, 12, 34, 20, 33, 51, 31, 44, 47, 9, 22, 7, 30, 24, 48, 41, 49, 32, 14, 18, 16, 53, 23, 54, 28, 43, 42, 35, 26, 52, 25, 27, 6, 21, 37, 2, 46, 10, 15, 13, 3, 11, 8, 50, 40, 19, 36, 5]
---------------------------------------------------

📁 File: A-n60-k9.vrp
Greedy Best Cost: 1969.98
Routes: [[1, 42, 19, 34, 53, 20, 60, 39, 56, 51, 1], [1, 17, 21, 26, 47, 41, 12, 5, 22, 7, 3, 50, 33, 1], [1, 15, 48, 24, 35, 25, 59, 36, 1], [1, 4, 32, 29, 45, 2, 37, 23, 28, 1], [1, 16, 40, 27, 18, 58, 38, 6, 1], [1, 8, 14, 9, 30, 57, 1], [1, 54, 31, 11, 55, 46, 1], [1, 49, 43, 10, 52, 1], [1, 44, 13, 1]]
Random Best Cost: 2957.83
Route: [10, 14, 57, 45, 51, 6, 37, 60, 27, 19, 2, 7, 26, 49, 39, 16, 17, 18, 33, 31, 22, 24, 42, 38, 4, 50, 48, 58, 8, 59, 35, 25, 5, 30, 11, 54, 46, 20, 21, 34, 41, 29, 3, 28, 55, 44, 47, 9, 56, 53, 15, 52, 43, 36, 32, 13, 12, 23, 40]
Tabu Best Cost: 1706.02
Route: [31, 23, 11, 43, 2, 24, 26, 12, 5, 54, 7, 4, 21, 17, 35, 37, 46, 6, 56, 44, 57, 27, 30, 42, 8, 28, 18, 59, 3, 29, 32, 22, 47, 41, 48, 20, 39, 53, 34, 19, 15, 60, 38, 58, 9, 14, 16, 36, 50, 45, 55, 49, 25, 51, 40, 52, 33, 10, 13]
GA Best Cost: 2192.71
Route: [46, 36, 58, 27, 20, 60, 9, 18, 34, 17, 14, 30, 8, 38, 56, 28, 2, 50, 22, 15, 29, 48, 53, 16, 39, 44, 49, 37, 25, 57, 13, 52, 51, 59, 12, 4, 55, 23, 6, 10, 7, 26, 47, 19, 24, 40, 11, 31, 33, 43, 3, 45, 42, 35, 41, 32, 54, 5, 21]
---------------------------------------------------

📁 File: A-n32-k5.vrp
Greedy Best Cost: 1146.40
Routes: [[1, 31, 27, 17, 13, 2, 8, 15, 30, 23, 19, 1], [1, 25, 28, 21, 6, 26, 11, 9, 1], [1, 14, 22, 32, 20, 18, 4, 24, 1], [1, 7, 3, 29, 5, 12, 10, 1], [1, 16, 1]]
Random Best Cost: 1450.39
Route: [20, 21, 19, 5, 3, 9, 17, 29, 32, 8, 12, 28, 23, 25, 11, 6, 22, 14, 10, 24, 31, 4, 16, 15, 18, 26, 27, 30, 2, 13, 7]
Tabu Best Cost: 896.50
Route: [22, 32, 20, 18, 14, 16, 23, 10, 12, 5, 9, 7, 15, 21, 4, 3, 24, 29, 19, 30, 11, 26, 6, 13, 2, 8, 17, 27, 31, 25, 28]
GA Best Cost: 986.07
Route: [13, 2, 14, 7, 8, 31, 17, 27, 28, 25, 26, 21, 6, 11, 30, 16, 23, 9, 29, 5, 19, 24, 10, 12, 4, 3, 18, 15, 20, 32, 22]
---------------------------------------------------

📁 File: A-n37-k6.vrp
Greedy Best Cost: 1341.88
Routes: [[1, 25, 17, 8, 15, 19, 5, 18, 20, 2, 13, 1], [1, 30, 37, 7, 21, 9, 6, 34, 29, 1], [1, 35, 32, 27, 11, 12, 26, 1], [1, 14, 31, 16, 33, 28, 1], [1, 36, 23, 24, 1], [1, 4, 10, 22, 3, 1]]
Random Best Cost: 1608.47
Route: [29, 27, 13, 28, 36, 9, 21, 23, 6, 2, 26, 30, 24, 8, 17, 12, 16, 20, 15, 3, 33, 19, 32, 35, 25, 5, 18, 10, 11, 14, 34, 4, 37, 7, 22, 31]
Tabu Best Cost: 1044.26
Route: [5, 35, 20, 2, 21, 7, 37, 30, 25, 26, 28, 33, 16, 31, 22, 3, 27, 32, 15, 36, 23, 13, 12, 18, 10, 34, 29, 24, 11, 14, 17, 8, 19, 9, 6, 4]
GA Best Cost: 1248.26
Route: [5, 34, 13, 23, 24, 3, 29, 35, 7, 26, 28, 33, 31, 11, 17, 36, 25, 16, 12, 10, 22, 9, 30, 8, 19, 2, 4, 6, 21, 15, 14, 20, 27, 32, 18, 37]
---------------------------------------------------

📁 File: A-n39-k5.vrp
Greedy Best Cost: 1032.57
Routes: [[1, 15, 5, 19, 10, 13, 32, 1], [1, 20, 34, 2, 21, 24, 30, 6, 17, 33, 4, 39, 9, 1], [1, 22, 31, 14, 29, 7, 37, 28, 35, 1], [1, 12, 18, 27, 25, 36, 3, 1], [1, 26, 16, 11, 8, 23, 38, 1]]
Random Best Cost: 1569.03
Route: [6, 29, 11, 20, 10, 31, 19, 14, 23, 33, 28, 12, 37, 3, 25, 8, 34, 38, 18, 16, 21, 35, 2, 13, 26, 36, 22, 4, 30, 7, 39, 9, 17, 5, 32, 24, 15, 27]
Tabu Best Cost: 949.92
Route: [12, 18, 16, 6, 8, 23, 4, 17, 36, 38, 35, 28, 27, 9, 34, 15, 24, 30, 33, 11, 2, 21, 32, 13, 19, 5, 26, 20, 22, 14, 29, 7, 10, 39, 3, 25, 37, 31]
GA Best Cost: 1115.44
Route: [9, 31, 37, 28, 11, 24, 16, 38, 14, 27, 3, 4, 23, 30, 32, 34, 20, 5, 2, 21, 39, 25, 35, 36, 18, 26, 22, 15, 10, 12, 29, 7, 19, 13, 6, 8, 17, 33]
---------------------------------------------------

📁 File: A-n45-k6.vrp
Greedy Best Cost: 1485.30
Routes: [[1, 24, 10, 29, 8, 33, 14, 21, 11, 1], [1, 15, 36, 2, 45, 7, 27, 12, 20, 3, 1], [1, 39, 26, 13, 16, 23, 43, 5, 42, 1], [1, 30, 44, 19, 18, 28, 6, 1], [1, 32, 25, 38, 35, 41, 1], [1, 4, 9, 34, 22, 17, 37, 40, 1], [1, 31, 1]]
Random Best Cost: 2160.03
Route: [5, 6, 32, 4, 22, 14, 44, 13, 38, 34, 37, 2, 36, 11, 39, 26, 16, 43, 30, 19, 42, 23, 40, 31, 33, 29, 15, 10, 35, 45, 20, 18, 3, 17, 28, 27, 8, 9, 24, 12, 21, 7, 41, 25]
Tabu Best Cost: 1229.58
Route: [43, 9, 34, 42, 21, 14, 33, 8, 10, 25, 35, 20, 31, 41, 38, 27, 39, 32, 2, 6, 22, 12, 28, 45, 29, 4, 11, 17, 5, 19, 18, 44, 30, 7, 24, 23, 40, 37, 13, 16, 26, 3, 36, 15]
GA Best Cost: 1498.38
Route: [43, 26, 3, 13, 5, 21, 22, 6, 32, 45, 7, 27, 25, 31, 18, 28, 24, 16, 23, 4, 17, 29, 33, 19, 12, 20, 38, 30, 44, 15, 8, 10, 11, 9, 34, 42, 37, 40, 36, 2, 35, 41, 14, 39]
---------------------------------------------------

📁 File: A-n48-k7.vrp
Greedy Best Cost: 1476.57
Routes: [[1, 15, 18, 19, 45, 36, 24, 44, 32, 33, 1], [1, 42, 48, 17, 11, 3, 30, 35, 1], [1, 13, 6, 2, 7, 23, 8, 43, 1], [1, 41, 37, 38, 20, 39, 26, 1], [1, 46, 28, 16, 9, 40, 27, 4, 1], [1, 29, 10, 25, 5, 14, 31, 22, 47, 12, 1], [1, 34, 21, 1]]
Random Best Cost: 2254.60
Route: [9, 23, 28, 18, 5, 48, 26, 41, 30, 8, 2, 31, 27, 46, 14, 22, 42, 39, 12, 10, 21, 20, 11, 4, 34, 45, 47, 35, 43, 25, 13, 17, 19, 29, 32, 38, 36, 37, 24, 6, 7, 3, 40, 33, 16, 15, 44]
Tabu Best Cost: 1303.65
Route: [18, 17, 11, 48, 2, 6, 23, 20, 4, 38, 8, 42, 3, 29, 46, 37, 41, 15, 36, 33, 7, 26, 39, 32, 44, 24, 45, 5, 25, 12, 43, 9, 21, 27, 40, 19, 13, 35, 10, 16, 28, 34, 47, 14, 22, 31, 30]
GA Best Cost: 1522.52
Route: [48, 34, 22, 25, 16, 10, 35, 29, 36, 45, 32, 6, 24, 19, 13, 37, 38, 8, 17, 28, 27, 21, 40, 4, 33, 39, 7, 3, 31, 30, 12, 43, 14, 47, 5, 46, 2, 23, 26, 9, 20, 44, 18, 15, 42, 11, 41]
---------------------------------------------------

📁 File: A-n54-k7.vrp
Greedy Best Cost: 1433.64
Routes: [[1, 44, 5, 29, 6, 8, 40, 51, 21, 24, 1], [1, 53, 31, 17, 7, 33, 14, 12, 39, 27, 36, 1], [1, 19, 50, 30, 16, 11, 2, 37, 18, 46, 1], [1, 35, 42, 47, 52, 43, 25, 3, 13, 28, 15, 1], [1, 26, 48, 38, 9, 20, 32, 34, 1], [1, 45, 54, 4, 23, 1], [1, 10, 22, 41, 49, 1]]
Random Best Cost: 2562.10
Route: [22, 47, 32, 15, 31, 45, 11, 26, 6, 19, 34, 27, 25, 40, 13, 18, 51, 43, 8, 39, 24, 33, 5, 2, 10, 53, 16, 21, 44, 9, 52, 38, 4, 36, 20, 35, 49, 29, 42, 37, 3, 50, 23, 30, 28, 41, 54, 12, 7, 48, 46, 17, 14]
Tabu Best Cost: 1519.35
Route: [28, 20, 32, 39, 46, 27, 18, 16, 24, 34, 22, 37, 40, 51, 5, 44, 25, 43, 29, 50, 21, 35, 42, 48, 26, 3, 49, 41, 38, 13, 14, 45, 12, 33, 17, 36, 11, 30, 2, 8, 6, 19, 10, 4, 23, 54, 31, 53, 7, 47, 52, 15, 9]
GA Best Cost: 1837.13
Route: [25, 23, 11, 8, 5, 7, 3, 28, 12, 9, 46, 30, 36, 37, 40, 16, 14, 33, 31, 53, 43, 52, 26, 44, 24, 21, 19, 51, 50, 35, 15, 41, 49, 13, 48, 42, 47, 2, 27, 39, 45, 6, 29, 18, 54, 4, 20, 38, 32, 22, 34, 10, 17]
---------------------------------------------------

📁 File: A-n60-k9.vrp
Greedy Best Cost: 1969.98
Routes: [[1, 42, 19, 34, 53, 20, 60, 39, 56, 51, 1], [1, 17, 21, 26, 47, 41, 12, 5, 22, 7, 3, 50, 33, 1], [1, 15, 48, 24, 35, 25, 59, 36, 1], [1, 4, 32, 29, 45, 2, 37, 23, 28, 1], [1, 16, 40, 27, 18, 58, 38, 6, 1], [1, 8, 14, 9, 30, 57, 1], [1, 54, 31, 11, 55, 46, 1], [1, 49, 43, 10, 52, 1], [1, 44, 13, 1]]
Random Best Cost: 2882.30
Route: [31, 25, 20, 17, 56, 16, 27, 57, 4, 28, 59, 58, 38, 36, 32, 29, 37, 60, 41, 7, 5, 48, 13, 23, 34, 42, 19, 33, 3, 52, 43, 30, 54, 10, 47, 11, 50, 39, 8, 18, 15, 40, 55, 14, 45, 53, 6, 49, 51, 2, 46, 9, 44, 35, 26, 24, 22, 21, 12]
Tabu Best Cost: 1720.23
Route: [35, 48, 38, 58, 30, 39, 34, 2, 33, 10, 52, 13, 51, 40, 16, 15, 44, 57, 27, 56, 53, 7, 23, 37, 31, 32, 5, 22, 42, 19, 26, 47, 20, 60, 36, 24, 41, 3, 46, 18, 28, 21, 17, 59, 25, 45, 54, 29, 8, 14, 9, 4, 12, 43, 55, 6, 11, 49, 50]
GA Best Cost: 2009.74
Route: [60, 20, 56, 34, 40, 13, 14, 11, 6, 37, 23, 10, 58, 39, 59, 24, 16, 46, 55, 32, 21, 54, 29, 43, 44, 33, 12, 26, 51, 36, 30, 28, 18, 8, 19, 41, 45, 2, 3, 25, 52, 47, 42, 53, 17, 4, 15, 49, 31, 50, 7, 22, 5, 48, 27, 9, 38, 57, 35]
---------------------------------------------------

📁 File: A-n32-k5.vrp
Greedy Best Cost: 1146.40
Routes: [[1, 31, 27, 17, 13, 2, 8, 15, 30, 23, 19, 1], [1, 25, 28, 21, 6, 26, 11, 9, 1], [1, 14, 22, 32, 20, 18, 4, 24, 1], [1, 7, 3, 29, 5, 12, 10, 1], [1, 16, 1]]
Random Best Cost: 1510.24
Route: [21, 16, 12, 7, 14, 15, 28, 25, 27, 17, 8, 22, 11, 6, 30, 10, 9, 26, 29, 5, 24, 19, 2, 20, 18, 4, 23, 3, 32, 13, 31]
Tabu Best Cost: 900.53
Route: [16, 11, 26, 6, 21, 28, 31, 7, 19, 29, 18, 22, 32, 27, 20, 3, 24, 4, 17, 25, 15, 8, 14, 2, 13, 10, 23, 12, 5, 9, 30]
GA Best Cost: 986.79
Route: [25, 31, 13, 2, 17, 15, 27, 8, 14, 32, 18, 20, 22, 3, 23, 10, 12, 29, 24, 4, 7, 28, 16, 19, 26, 11, 30, 6, 21, 5, 9]
---------------------------------------------------

📁 File: A-n37-k6.vrp
Greedy Best Cost: 1341.88
Routes: [[1, 25, 17, 8, 15, 19, 5, 18, 20, 2, 13, 1], [1, 30, 37, 7, 21, 9, 6, 34, 29, 1], [1, 35, 32, 27, 11, 12, 26, 1], [1, 14, 31, 16, 33, 28, 1], [1, 36, 23, 24, 1], [1, 4, 10, 22, 3, 1]]
Random Best Cost: 1650.18
Route: [17, 21, 10, 34, 6, 23, 33, 5, 37, 11, 31, 14, 30, 4, 2, 24, 16, 18, 7, 36, 28, 32, 27, 29, 3, 20, 26, 35, 22, 12, 13, 9, 25, 8, 19, 15]
Tabu Best Cost: 1047.31
Route: [20, 34, 3, 29, 16, 33, 28, 14, 27, 32, 35, 19, 5, 18, 31, 12, 13, 24, 23, 11, 7, 15, 25, 30, 37, 4, 9, 6, 10, 22, 2, 21, 17, 36, 26, 8]
GA Best Cost: 1181.72
Route: [31, 14, 34, 29, 24, 23, 18, 25, 36, 8, 37, 3, 22, 35, 21, 7, 9, 4, 6, 10, 15, 30, 17, 5, 19, 27, 2, 20, 32, 28, 26, 33, 16, 11, 12, 13]
---------------------------------------------------

📁 File: A-n39-k5.vrp
Greedy Best Cost: 1032.57
Routes: [[1, 15, 5, 19, 10, 13, 32, 1], [1, 20, 34, 2, 21, 24, 30, 6, 17, 33, 4, 39, 9, 1], [1, 22, 31, 14, 29, 7, 37, 28, 35, 1], [1, 12, 18, 27, 25, 36, 3, 1], [1, 26, 16, 11, 8, 23, 38, 1]]
Random Best Cost: 1631.94
Route: [26, 31, 14, 3, 35, 36, 28, 38, 33, 17, 8, 25, 27, 4, 16, 30, 29, 37, 15, 20, 5, 7, 19, 11, 2, 10, 34, 13, 21, 23, 6, 39, 12, 24, 22, 18, 9, 32]
Tabu Best Cost: 972.04
Route: [39, 16, 11, 33, 27, 9, 5, 3, 25, 36, 38, 35, 28, 31, 14, 29, 37, 7, 22, 15, 20, 21, 6, 4, 23, 8, 17, 30, 18, 12, 26, 34, 2, 24, 32, 13, 10, 19]
GA Best Cost: 1079.22
Route: [29, 37, 28, 14, 31, 19, 26, 20, 22, 34, 13, 30, 33, 36, 35, 27, 12, 5, 25, 21, 32, 24, 10, 15, 39, 16, 6, 17, 11, 9, 7, 18, 38, 8, 4, 23, 3, 2]
---------------------------------------------------

📁 File: A-n45-k6.vrp
Greedy Best Cost: 1485.30
Routes: [[1, 24, 10, 29, 8, 33, 14, 21, 11, 1], [1, 15, 36, 2, 45, 7, 27, 12, 20, 3, 1], [1, 39, 26, 13, 16, 23, 43, 5, 42, 1], [1, 30, 44, 19, 18, 28, 6, 1], [1, 32, 25, 38, 35, 41, 1], [1, 4, 9, 34, 22, 17, 37, 40, 1], [1, 31, 1]]
Random Best Cost: 2104.47
Route: [21, 27, 39, 3, 26, 22, 40, 25, 24, 37, 5, 43, 6, 18, 32, 45, 8, 33, 23, 29, 10, 13, 38, 7, 35, 20, 17, 19, 16, 15, 36, 2, 30, 12, 28, 44, 34, 4, 14, 11, 42, 9, 41, 31]
Tabu Best Cost: 1201.91
Route: [10, 23, 17, 38, 35, 12, 28, 33, 9, 34, 42, 5, 40, 37, 43, 8, 39, 32, 36, 2, 15, 7, 44, 19, 4, 11, 14, 29, 30, 25, 45, 41, 31, 20, 18, 22, 6, 21, 27, 24, 16, 26, 13, 3]
GA Best Cost: 1429.97
Route: [22, 6, 37, 40, 43, 5, 17, 10, 25, 31, 20, 8, 44, 18, 38, 32, 45, 7, 28, 24, 29, 30, 27, 14, 19, 12, 35, 23, 26, 13, 3, 2, 15, 36, 33, 4, 9, 21, 41, 39, 42, 34, 11, 16]
---------------------------------------------------

📁 File: A-n48-k7.vrp
Greedy Best Cost: 1476.57
Routes: [[1, 15, 18, 19, 45, 36, 24, 44, 32, 33, 1], [1, 42, 48, 17, 11, 3, 30, 35, 1], [1, 13, 6, 2, 7, 23, 8, 43, 1], [1, 41, 37, 38, 20, 39, 26, 1], [1, 46, 28, 16, 9, 40, 27, 4, 1], [1, 29, 10, 25, 5, 14, 31, 22, 47, 12, 1], [1, 34, 21, 1]]
Random Best Cost: 2236.53
Route: [23, 2, 32, 8, 41, 33, 37, 16, 44, 26, 21, 4, 5, 12, 47, 7, 40, 10, 28, 25, 31, 14, 46, 35, 27, 30, 6, 48, 18, 15, 36, 13, 38, 9, 19, 39, 45, 24, 3, 11, 42, 20, 17, 43, 29, 22, 34]
Tabu Best Cost: 1321.02
Route: [18, 17, 16, 47, 5, 10, 9, 40, 38, 39, 33, 44, 37, 8, 41, 46, 36, 19, 13, 6, 2, 7, 48, 35, 28, 21, 27, 26, 32, 24, 45, 29, 30, 22, 31, 25, 14, 43, 12, 4, 20, 23, 15, 42, 3, 34, 11]
GA Best Cost: 1654.97
Route: [2, 24, 45, 19, 33, 23, 36, 9, 46, 22, 30, 34, 29, 17, 41, 35, 14, 28, 40, 16, 10, 11, 31, 25, 43, 12, 5, 38, 8, 18, 15, 37, 26, 32, 3, 42, 13, 44, 4, 21, 27, 47, 48, 6, 7, 39, 20]
---------------------------------------------------

📁 File: A-n54-k7.vrp
Greedy Best Cost: 1433.64
Routes: [[1, 44, 5, 29, 6, 8, 40, 51, 21, 24, 1], [1, 53, 31, 17, 7, 33, 14, 12, 39, 27, 36, 1], [1, 19, 50, 30, 16, 11, 2, 37, 18, 46, 1], [1, 35, 42, 47, 52, 43, 25, 3, 13, 28, 15, 1], [1, 26, 48, 38, 9, 20, 32, 34, 1], [1, 45, 54, 4, 23, 1], [1, 10, 22, 41, 49, 1]]
Random Best Cost: 2551.29
Route: [15, 17, 31, 48, 43, 42, 35, 40, 51, 19, 50, 12, 16, 36, 46, 22, 27, 34, 4, 20, 32, 52, 25, 38, 45, 49, 9, 6, 13, 28, 26, 29, 8, 21, 3, 24, 5, 47, 54, 44, 7, 23, 11, 30, 33, 18, 10, 39, 53, 14, 41, 2, 37]
Tabu Best Cost: 1488.98
Route: [16, 36, 11, 7, 12, 4, 18, 30, 15, 13, 9, 45, 39, 46, 43, 52, 25, 32, 20, 38, 14, 17, 26, 48, 47, 35, 40, 51, 6, 44, 54, 23, 41, 49, 5, 8, 37, 22, 34, 10, 27, 53, 33, 28, 3, 42, 31, 19, 29, 24, 50, 2, 21]
GA Best Cost: 1802.59
Route: [10, 9, 20, 38, 28, 33, 7, 18, 37, 46, 3, 13, 52, 43, 25, 44, 30, 2, 24, 51, 41, 45, 4, 14, 36, 8, 19, 29, 53, 42, 47, 32, 34, 22, 23, 15, 31, 35, 26, 5, 17, 27, 11, 16, 40, 6, 21, 48, 49, 54, 12, 39, 50]
---------------------------------------------------

📁 File: A-n60-k9.vrp
Greedy Best Cost: 1969.98
Routes: [[1, 42, 19, 34, 53, 20, 60, 39, 56, 51, 1], [1, 17, 21, 26, 47, 41, 12, 5, 22, 7, 3, 50, 33, 1], [1, 15, 48, 24, 35, 25, 59, 36, 1], [1, 4, 32, 29, 45, 2, 37, 23, 28, 1], [1, 16, 40, 27, 18, 58, 38, 6, 1], [1, 8, 14, 9, 30, 57, 1], [1, 54, 31, 11, 55, 46, 1], [1, 49, 43, 10, 52, 1], [1, 44, 13, 1]]
Random Best Cost: 2873.56
Route: [49, 33, 6, 52, 44, 48, 9, 8, 28, 38, 59, 12, 4, 53, 60, 20, 27, 36, 25, 24, 18, 11, 10, 7, 51, 50, 45, 35, 42, 16, 19, 26, 5, 17, 54, 37, 46, 32, 34, 2, 31, 3, 30, 13, 58, 21, 40, 14, 47, 29, 55, 43, 15, 41, 56, 22, 23, 57, 39]
Tabu Best Cost: 1702.10
Route: [54, 31, 11, 23, 49, 19, 59, 25, 46, 40, 8, 14, 60, 39, 20, 44, 43, 6, 29, 22, 5, 41, 15, 34, 53, 42, 47, 12, 7, 35, 24, 56, 36, 16, 27, 38, 30, 57, 13, 52, 10, 33, 55, 48, 21, 26, 51, 32, 37, 2, 45, 50, 3, 4, 17, 28, 18, 9, 58]
GA Best Cost: 2206.06
Route: [49, 10, 16, 14, 24, 48, 26, 36, 2, 37, 32, 15, 4, 47, 22, 54, 9, 18, 20, 21, 17, 19, 53, 39, 56, 28, 60, 34, 12, 57, 3, 59, 51, 25, 29, 31, 50, 5, 40, 38, 27, 42, 45, 11, 6, 23, 33, 13, 52, 7, 44, 46, 43, 55, 35, 41, 58, 30, 8]
---------------------------------------------------
